14
9
8
15
7
11
16
7
13
14
8
11
13
4
14
9
11
15
8
12
79
95
97
85
62
54
101
79
91
28
54
47
93
31
106
18
84
27
57
65
70
40
15
43
99
81
71
105
152
179
69
41
83
23
40
15
5
35
93
18
42
52
20
75
80
92
51
53
15
84
58
77
87
36
71
10
11
50
61
8
3
42
37
17
10
4
26
51
2
29
47
18
18
43
4
73
84
37
34
90
45
15
29
92
26
85
56
81
25
38
43
67
3
11
83
7
74
29
6
12
12
20
36
25
35
48
18
45
12
45
36
16
49
56
54
24
27
18
21
20
25
12
21
7
8
3
9
9
5
6
9
1
6
3
7
8
1
8
8
7
1
4
3
8
4
6
6
6
5
2
5
6
3
3
5
5
94
80
1
1
1
1
2
3
3
3
2
3
5
5
3
4
5
9
9
9
15
43
17
93
43
13
17
9
10
12
8
6
12
12
14
9
9
67
81
42
53
84
15
104
58
70
5
13
20
2
5
15
0
82
87
19
13
78
12
21
45
15
40
5
3
8
8
4
7
4
5
9
4
86
6
6
15
2
10
5
15
2
6
8
8
2
10
2
5
2
24
7
2
5
4
7
4
5
5
5
5
8
5
8
8
1.25
2
5
5
5
8
5
8
10
10
1
2
6
4
12
3
2
5
1
3
2
38
12
15
6
4
16
15
11
7
18
15
7
28
22
38
929
62
113
616
803
700
20
35
33
40
43
32
60
77
9
20
37
17
24
22
31
69
6
79
31
11
66
14
9
6
23
17
32
13
22
42
50
34
35
13
79
7
13
63
97
95
120
26
64
26
36
55
244
152
17
53
61
49
38
111
28
51
77
88
32
53
15
143
105
39
131
13
64
62
22
23
30
9
6
9
48
48
198
61
46
300
10
24
21
21
165
5
25
20
2
15
50
59
30
345
217
2327
81
14
13
16
22
62
95
63
18
4764
703
2448
432
84
780
45552
5
6003
168
8484
2250
11676
629
17408
20
40
3
3000
6
13
96
30
15
60
100
28
5
1200
3.33333
400
135
21
20
12
29
4
63
48
220
12
133
426
162
13
326
45
2289
99
776
3343
208
128
486
0.72
4.62
12
1250
8243
1.2
3264
360
372
204
75
39
296
18
66018
30
1.25
68
432
120
280
68
243
121
273
218
1035
180
70
180
372
1980
2016
4
12
9
14
25
32
300
440
63
60
100
264
46
88
280
16
45
6175
32
265
91
2063
1380
1780
73
28
493
3395
690
84
343
416
448
310
1677
744
159.7
812
0.875
0.8
0.375
1
1.75
4.25
0.3
141.5
7.5
